Wenner_1
5
11
1
Type of measurement (0=app.resistivity,1=resistance)
1
345
2
0
4	245	0	260	0	250	0	255	0	2.14936383485329
4	185	0	200	0	190	0	195	0	4.10938203678963
4	110	0	125	0	115	0	120	0	5.99801236740554
4	230	0	245	0	235	0	240	0	2.52790906220218
4	255	0	270	0	260	0	265	0	1.47600217835608
4	195	0	210	0	200	0	205	0	3.08286856800482
4	165	0	180	0	170	0	175	0	6.29569929984119
4	125	0	140	0	130	0	135	0	5.6371004511141
4	150	0	165	0	155	0	160	0	8.78948821136996
4	105	0	120	0	110	0	115	0	5.33621775307672
4	280	0	295	0	285	0	290	0	0.847789649657245
4	265	0	280	0	270	0	275	0	0.66456409563557
4	180	0	195	0	185	0	190	0	5.9880906016684
4	205	0	220	0	210	0	215	0	2.8747968147258
4	200	0	215	0	205	0	210	0	2.52183058560782
4	175	0	190	0	180	0	185	0	3.81733047828089
4	155	0	170	0	160	0	165	0	6.4588900789529
4	130	0	145	0	135	0	140	0	6.80342774072352
4	115	0	130	0	120	0	125	0	6.07296265945097
4	100	0	115	0	105	0	110	0	5.6240755613965
4	155	0	185	0	165	0	175	0	1.90911086463363
4	235	0	250	0	240	0	245	0	2.29256673961122
4	125	0	155	0	135	0	145	0	1.41222236570864
4	205	0	235	0	215	0	225	0	0.77829999793331
4	285	0	300	0	290	0	295	0	1.25748515497333
4	175	0	205	0	185	0	195	0	1.41880575533796
4	145	0	175	0	155	0	165	0	2.25572938897529
4	225	0	240	0	230	0	235	0	2.82163325635917
4	250	0	265	0	255	0	260	0	1.22840453794975
4	115	0	145	0	125	0	135	0	0.806709712912378
4	255	0	285	0	265	0	275	0	0.189746984039208
4	275	0	290	0	280	0	285	0	0.577648100650083
4	165	0	195	0	175	0	185	0	1.74688895842218
4	215	0	230	0	220	0	225	0	3.40142243047838
4	105	0	135	0	115	0	125	0	0.60677010446405
4	140	0	185	0	155	0	170	0	1.11045481331579
4	225	0	270	0	240	0	255	0	0.126190116034624
4	255	0	300	0	270	0	285	0	0.124424741182448
4	165	0	210	0	180	0	195	0	0.725038319095439
4	115	0	160	0	130	0	145	0	0.8174912921505
4	245	0	290	0	260	0	275	0	0.128356098595061
4	195	0	240	0	210	0	225	0	0.305158650375214
4	235	0	280	0	250	0	265	0	0.133204725801845
4	190	0	235	0	205	0	220	0	0.252433237489704
4	145	0	190	0	160	0	175	0	0.941362438997331
4	290	0	320	0	300	0	310	0	0.343528848867407
4	170	0	200	0	180	0	190	0	1.35402032122259
4	140	0	170	0	150	0	160	0	2.0743857266716
4	220	0	235	0	225	0	230	0	3.97145468460048
4	110	0	140	0	120	0	130	0	0.711312052105931
4	20	0	50	0	30	0	40	0	47.9593637528026
4	340	0	370	0	350	0	360	0	0.330888769158764
4	110	0	155	0	125	0	140	0	0.765355128293341
4	220	0	250	0	230	0	240	0	0.332086768356884
4	270	0	285	0	275	0	280	0	0.500519125985219
4	160	0	190	0	170	0	180	0	1.93500054852877
4	70	0	100	0	80	0	90	0	12.8054188655708
4	40	0	70	0	50	0	60	0	38.710541932867
4	250	0	295	0	265	0	280	0	0.123732763155716
4	360	0	390	0	370	0	380	0	0.394910068104186
4	240	0	270	0	250	0	260	0	0.216403927820553
4	100	0	145	0	115	0	130	0	0.470095253314691
4	210	0	240	0	220	0	230	0	0.663502032179812
4	235	0	265	0	245	0	255	0	0.220857745146723
4	125	0	170	0	140	0	155	0	0.837228216424003
4	190	0	340	0	240	0	290	0	0.0356848441577746
4	170	0	320	0	220	0	270	0	0.0398600439066158
4	260	0	350	0	290	0	320	0	0.0690861562512404
4	185	0	230	0	200	0	215	0	0.260048777386576
4	170	0	350	0	230	0	290	0	0.0320133378901528
4	20	0	140	0	60	0	100	0	0.209744010782424
4	20	0	170	0	70	0	120	0	0.0972985510402075
4	150	0	330	0	210	0	270	0	0.0311867616658518
4	140	0	320	0	200	0	260	0	0.0309860167720606
4	100	0	280	0	160	0	220	0	0.0592026715120417
4	90	0	270	0	150	0	210	0	0.0785226183319981
4	195	0	225	0	205	0	215	0	0.646124717923629
4	70	0	250	0	130	0	190	0	0.0942992873802644
4	200	0	350	0	250	0	300	0	0.0370965677449927
4	60	0	240	0	120	0	180	0	0.0964040269106279
4	160	0	220	0	180	0	200	0	0.382756575135214
4	60	0	330	0	150	0	240	0	0.0464456070646288
4	220	0	400	0	280	0	340	0	0.0343954682436329
4	210	0	390	0	270	0	330	0	0.0341501385418862
4	120	0	150	0	130	0	140	0	1.17327427137444
4	240	0	285	0	255	0	270	0	0.133806887305284
4	130	0	190	0	150	0	170	0	0.508738929736962
4	10	0	190	0	70	0	130	0	0.073428561291867
4	30	0	60	0	40	0	50	0	43.0817980667029
4	160	0	340	0	220	0	280	0	0.03282701733501
4	10	0	280	0	100	0	190	0	0.0651820427616318
4	30	0	180	0	80	0	130	0	0.0747672258044349
4	10	0	310	0	110	0	210	0	0.0577572072162393
4	30	0	210	0	90	0	150	0	0.0753974061501549
4	160	0	370	0	230	0	300	0	0.0282241997484958
4	210	0	225	0	215	0	220	0	3.66175044321697
4	100	0	130	0	110	0	120	0	0.544710624309566
4	140	0	350	0	210	0	280	0	0.0272026173319171
4	155	0	200	0	170	0	185	0	0.791397452168902
4	120	0	330	0	190	0	260	0	0.0264471109743316
4	110	0	320	0	180	0	250	0	0.0278919987964591
4	310	0	370	0	330	0	350	0	0.0942066143225563
4	130	0	400	0	220	0	310	0	0.0250942047846022
4	0	0	150	0	50	0	100	0	0.251783650837218
4	180	0	210	0	190	0	200	0	1.15693964038372
4	160	0	310	0	210	0	260	0	0.0392666425017346
4	10	0	100	0	40	0	70	0	2.83576701132028
4	100	0	310	0	170	0	240	0	0.0347998364622251
4	140	0	380	0	220	0	300	0	0.0254927399653912
4	10	0	370	0	130	0	250	0	0.0438022306897134
4	160	0	175	0	165	0	170	0	7.19410724106489
4	50	0	80	0	60	0	70	0	35.356104054009
4	90	0	300	0	160	0	230	0	0.0492398870758986
4	40	0	340	0	140	0	240	0	0.0460668629374972
4	40	0	220	0	100	0	160	0	0.0873074920965608
4	100	0	370	0	190	0	280	0	0.0229456030215926
4	90	0	180	0	120	0	150	0	0.205206430368588
4	80	0	290	0	150	0	220	0	0.0645796793872746
4	160	0	400	0	240	0	320	0	0.0271974015756452
4	50	0	260	0	120	0	190	0	0.0805086947597599
4	90	0	330	0	170	0	250	0	0.0308106193932115
4	20	0	200	0	80	0	140	0	0.0710068243094856
4	150	0	360	0	220	0	290	0	0.0276048937298397
4	10	0	160	0	60	0	110	0	0.137681204952892
4	170	0	215	0	185	0	200	0	0.760453242902765
4	280	0	310	0	290	0	300	0	0.171060350644214
4	60	0	120	0	80	0	100	0	1.17031722972627
4	30	0	240	0	100	0	170	0	0.0805547788099782
4	40	0	280	0	120	0	200	0	0.0677211921066881
4	130	0	220	0	160	0	190	0	0.206777967260467
4	150	0	390	0	230	0	310	0	0.0269716455836836
4	245	0	275	0	255	0	265	0	0.216299272163729
4	135	0	180	0	150	0	165	0	0.95348780406758
4	120	0	300	0	180	0	240	0	0.0345341381648017
4	250	0	400	0	300	0	350	0	0.0393578780649305
4	40	0	130	0	70	0	100	0	0.314003599091007
4	70	0	340	0	160	0	250	0	0.0359372329521224
4	200	0	320	0	240	0	280	0	0.0418207275444925
4	120	0	165	0	135	0	150	0	0.83268695452916
4	230	0	260	0	240	0	250	0	0.269297268920126
4	210	0	360	0	260	0	310	0	0.0412294214136996
4	145	0	160	0	150	0	155	0	7.1970466210091
4	215	0	260	0	230	0	245	0	0.1440343923469
4	30	0	330	0	130	0	230	0	0.0520111625957736
4	20	0	350	0	130	0	240	0	0.0474453878717084
4	20	0	290	0	110	0	200	0	0.0634100755413877
4	20	0	320	0	120	0	220	0	0.054182119690425
4	180	0	390	0	250	0	320	0	0.0302620535896262
4	225	0	255	0	235	0	245	0	0.307027654608631
4	60	0	390	0	170	0	280	0	0.0237160928390164
4	130	0	310	0	190	0	250	0	0.0298628793963494
4	50	0	350	0	150	0	250	0	0.0406382933342521
4	270	0	360	0	300	0	330	0	0.0650253528971202
4	80	0	140	0	100	0	120	0	0.325959217861896
4	105	0	150	0	120	0	135	0	0.562725680940856
4	70	0	280	0	140	0	210	0	0.0699205330423699
4	50	0	380	0	160	0	270	0	0.0299798086340154
4	260	0	320	0	280	0	300	0	0.0933511670435499
4	80	0	350	0	170	0	260	0	0.0280860579940457
4	200	0	245	0	215	0	230	0	0.349546054135692
4	310	0	340	0	320	0	330	0	0.279380244121735
4	130	0	370	0	210	0	290	0	0.0242091237790117
4	40	0	370	0	150	0	260	0	0.0361020555543081
4	0	0	180	0	60	0	120	0	0.0817404852597576
4	150	0	240	0	180	0	210	0	0.10605586291543
4	40	0	400	0	160	0	280	0	0.0264752141371478
4	30	0	360	0	140	0	250	0	0.0428304765384402
4	10	0	340	0	120	0	230	0	0.0506776903149975
4	240	0	330	0	270	0	300	0	0.0614021459719487
4	200	0	260	0	220	0	240	0	0.173063215625646
4	40	0	310	0	130	0	220	0	0.0565633689304206
4	160	0	205	0	175	0	190	0	0.861350986420989
4	270	0	300	0	280	0	290	0	0.240387286465953
4	50	0	110	0	70	0	90	0	2.6668996889117
4	0	0	300	0	100	0	200	0	0.0513206627588116
4	0	0	360	0	120	0	240	0	0.0462013296017481
4	50	0	320	0	140	0	230	0	0.0511657692520275
4	140	0	155	0	145	0	150	0	7.84234721850385
4	230	0	350	0	270	0	310	0	0.0548668898487555
4	70	0	370	0	170	0	270	0	0.0257295761095518
4	250	0	340	0	280	0	310	0	0.077459978650474
4	135	0	150	0	140	0	145	0	8.94684107869375
4	80	0	380	0	180	0	280	0	0.0229770741047269
4	60	0	270	0	130	0	200	0	0.079523062721968
4	70	0	220	0	120	0	170	0	0.116475758131069
4	30	0	390	0	150	0	270	0	0.0344537870095701
4	220	0	310	0	250	0	280	0	0.0504305326740643
4	20	0	380	0	140	0	260	0	0.0371948702219927
4	210	0	300	0	240	0	270	0	0.0574086469564559
4	110	0	290	0	170	0	230	0	0.0433940888797636
4	210	0	270	0	230	0	250	0	0.0973566266860251
4	180	0	330	0	230	0	280	0	0.035753874221526
4	30	0	270	0	110	0	190	0	0.0707965809561149
4	80	0	230	0	130	0	180	0	0.123418452422859
4	150	0	300	0	200	0	250	0	0.0396733607223119
4	130	0	340	0	200	0	270	0	0.0263887222223781
4	100	0	400	0	200	0	300	0	0.0221854378546145
4	20	0	230	0	90	0	160	0	0.0763811760871225
4	0	0	330	0	110	0	220	0	0.0532305574019558
4	50	0	290	0	130	0	210	0	0.0669017320318282
4	0	0	270	0	90	0	180	0	0.0693540708164835
4	110	0	380	0	200	0	290	0	0.02221483370744
4	130	0	280	0	180	0	230	0	0.0433724454411534
4	0	0	240	0	80	0	160	0	0.0665628365708719
4	50	0	200	0	100	0	150	0	0.0941324452111965
4	40	0	190	0	90	0	140	0	0.0810820499111857
4	90	0	150	0	110	0	130	0	0.395097588556052
4	205	0	250	0	220	0	235	0	0.303985701385329
4	170	0	380	0	240	0	310	0	0.030656613347661
4	190	0	220	0	200	0	210	0	0.831624168819033
4	10	0	220	0	80	0	150	0	0.0697485313727861
4	170	0	290	0	210	0	250	0	0.0577545326429272
4	100	0	340	0	180	0	260	0	0.0258234458124935
4	180	0	225	0	195	0	210	0	0.36702986277193
4	70	0	130	0	90	0	110	0	0.248012124944774
4	50	0	230	0	110	0	170	0	0.0952619008225265
4	30	0	300	0	120	0	210	0	0.0601012641373319
4	180	0	360	0	240	0	300	0	0.032170315304381
4	60	0	300	0	140	0	220	0	0.0603535105313562
4	120	0	390	0	210	0	300	0	0.024016844186803
4	20	0	80	0	40	0	60	0	6.18217940894866
4	190	0	370	0	250	0	310	0	0.0352465793003066
4	60	0	360	0	160	0	260	0	0.0334411505510473
4	80	0	260	0	140	0	200	0	0.0891011746880052
4	40	0	250	0	110	0	180	0	0.0805812793853716
4	250	0	280	0	260	0	270	0	0.206431724691789
4	70	0	310	0	150	0	230	0	0.0521138653605788
4	90	0	210	0	130	0	170	0	0.161752899990895
4	150	0	195	0	165	0	180	0	0.846273804893333
4	260	0	290	0	270	0	280	0	0.189326704230092
4	80	0	320	0	160	0	240	0	0.0416181111570421
4	90	0	390	0	190	0	290	0	0.0221997187816883
4	110	0	350	0	190	0	270	0	0.0240242726445536
4	190	0	205	0	195	0	200	0	4.44372517920198
4	80	0	110	0	90	0	100	0	0.551371944874352
4	280	0	400	0	320	0	360	0	0.0436926493908865
4	60	0	210	0	110	0	160	0	0.111344915179915
4	130	0	175	0	145	0	160	0	0.982872950033699
4	220	0	370	0	270	0	320	0	0.03967685946618
4	0	0	60	0	20	0	40	0	25.7666600080579
4	230	0	380	0	280	0	330	0	0.040306412758035
4	135	0	165	0	145	0	155	0	1.38194804164932
4	90	0	240	0	140	0	190	0	0.110291351341222
4	175	0	220	0	190	0	205	0	0.550302605527343
4	240	0	390	0	290	0	340	0	0.0397804714889574
4	10	0	40	0	20	0	30	0	81.2299555173016
4	100	0	250	0	150	0	200	0	0.0996654013322883
4	240	0	255	0	245	0	250	0	1.70373790042765
4	130	0	160	0	140	0	150	0	1.21884182852173
4	110	0	260	0	160	0	210	0	0.0752841815469402
4	120	0	270	0	170	0	220	0	0.0559035621771426
4	185	0	215	0	195	0	205	0	1.04300269614572
4	140	0	290	0	190	0	240	0	0.0414971355333692
4	0	0	120	0	40	0	80	0	1.24977270104384
4	300	0	390	0	330	0	360	0	0.0559206528509765
4	120	0	240	0	160	0	200	0	0.113650285931961
4	240	0	360	0	280	0	320	0	0.0528206242656183
4	10	0	130	0	50	0	90	0	0.48365657706552
4	250	0	310	0	270	0	290	0	0.0819954449612124
4	265	0	295	0	275	0	285	0	0.207524053739
4	130	0	250	0	170	0	210	0	0.0809904419788333
4	70	0	400	0	180	0	290	0	0.0224492618088651
4	250	0	370	0	290	0	330	0	0.0504581296513612
4	300	0	330	0	310	0	320	0	0.140880386976801
4	120	0	360	0	200	0	280	0	0.0240967732418744
4	140	0	260	0	180	0	220	0	0.0613561778406785
4	170	0	185	0	175	0	180	0	6.07486680374873
4	60	0	90	0	70	0	80	0	28.0796485021637
4	260	0	380	0	300	0	340	0	0.0456195048957748
4	0	0	210	0	70	0	140	0	0.0702677094484706
4	150	0	270	0	190	0	230	0	0.0551661081293267
4	270	0	390	0	310	0	350	0	0.0387492361832724
4	0	0	30	0	10	0	20	0	83.4975391727986
4	20	0	260	0	100	0	180	0	0.0745776008666975
4	40	0	160	0	80	0	120	0	0.134140296438217
4	50	0	170	0	90	0	130	0	0.118548974419894
4	180	0	300	0	220	0	260	0	0.0527798455778741
4	290	0	380	0	320	0	350	0	0.0516045595121486
4	70	0	190	0	110	0	150	0	0.125032561581262
4	350	0	380	0	360	0	370	0	0.326768869900403
4	190	0	310	0	230	0	270	0	0.0422260324901512
4	215	0	245	0	225	0	235	0	0.458279695069818
4	80	0	200	0	120	0	160	0	0.147773381582972
4	120	0	135	0	125	0	130	0	4.88688755300679
4	210	0	330	0	250	0	290	0	0.0416963137575304
4	100	0	220	0	140	0	180	0	0.150163474823985
4	220	0	340	0	260	0	300	0	0.0449243927895334
4	110	0	230	0	150	0	190	0	0.137110339248084
4	200	0	230	0	210	0	220	0	0.721633075395069
4	0	0	90	0	30	0	60	0	6.74362578271635
4	180	0	270	0	210	0	240	0	0.0864247523873983
4	320	0	380	0	340	0	360	0	0.0955723421394144
4	100	0	190	0	130	0	160	0	0.224095401230655
4	190	0	280	0	220	0	250	0	0.080315958840876
4	370	0	400	0	380	0	390	0	0.395847739356448
4	150	0	210	0	170	0	190	0	0.46232814974447
4	60	0	180	0	100	0	140	0	0.120433514565044
4	280	0	370	0	310	0	340	0	0.0490591635194028
4	20	0	110	0	50	0	80	0	0.775390146744175
4	110	0	200	0	140	0	170	0	0.220133771604454
4	200	0	290	0	230	0	260	0	0.0633672213340564
4	160	0	280	0	200	0	240	0	0.0570161275549844
4	30	0	120	0	60	0	90	0	0.358932107306335
4	310	0	400	0	340	0	370	0	0.0726411367351441
4	230	0	290	0	250	0	270	0	0.0928965293341396
4	140	0	230	0	170	0	200	0	0.171522674200136
4	210	0	255	0	225	0	240	0	0.203486074532695
4	320	0	350	0	330	0	340	0	0.172960381131857
4	100	0	160	0	120	0	140	0	0.498125863143473
4	230	0	320	0	260	0	290	0	0.0583479758054822
4	60	0	150	0	90	0	120	0	0.214956380326166
4	160	0	250	0	190	0	220	0	0.0935947339706464
4	80	0	170	0	110	0	140	0	0.243867414951286
4	230	0	275	0	245	0	260	0	0.126755806421524
4	30	0	150	0	70	0	110	0	0.162408616268875
4	120	0	180	0	140	0	160	0	0.512413057251002
4	180	0	240	0	200	0	220	0	0.155858223472944
4	240	0	300	0	260	0	280	0	0.0941124686064754
4	300	0	360	0	320	0	340	0	0.0794472478563634
4	10	0	70	0	30	0	50	0	20.4274426724015
4	10	0	250	0	90	0	170	0	0.0716682825009641
4	190	0	250	0	210	0	230	0	0.171227972824814
4	140	0	200	0	160	0	180	0	0.521927029362918
4	30	0	90	0	50	0	70	0	1.82612228813356
4	50	0	140	0	80	0	110	0	0.273452006507033
4	90	0	360	0	180	0	270	0	0.0241681715636128
4	270	0	330	0	290	0	310	0	0.11868196184989
4	330	0	390	0	350	0	370	0	0.105143217294332
4	200	0	380	0	260	0	320	0	0.0340305090549878
4	220	0	280	0	240	0	260	0	0.08763475718316
4	170	0	260	0	200	0	230	0	0.0861434297875874
4	40	0	100	0	60	0	80	0	1.48531804607532
4	280	0	340	0	300	0	320	0	0.104578630128232
4	120	0	210	0	150	0	180	0	0.242117138843197
4	340	0	400	0	360	0	380	0	0.101825444038543
4	220	0	265	0	235	0	250	0	0.129839854889272
4	330	0	360	0	340	0	350	0	0.186374130516694
4	110	0	170	0	130	0	150	0	0.503994813306488
4	170	0	230	0	190	0	210	0	0.225403852812431
4	70	0	160	0	100	0	130	0	0.219353447776097
4	290	0	350	0	310	0	330	0	0.0784386611870221
4	90	0	120	0	100	0	110	0	0.444055351413823
4	260	0	275	0	265	0	270	0	0.603284896008083
4	190	0	400	0	260	0	330	0	0.0309799443668955
4	150	0	180	0	160	0	170	0	1.72480485691541
0
0
0
0
0
0
0
0
